Shop cards 1
281515
050603
0505010501
00000901050000000000000000
0100000400
000001040000000000
000400000001
000500000001
100000000000000000000000000000000000000000
000500000000000000000000000000000000000000
000010000000000000000000000000000000000000
000000060000000000000000000000000000000000
000000000500000000000000000000000000000000
000000000005000000000000000000000000000000
000000000000050500000000000000000000000000
000000000020000000000000000000000000000000000000000000000000000000000000000000000000000000
010101010101010101010101010101010101010101010101010101010101010101010101010101010101010101
